1 0 13 1
1 0 15 1
1 0 72 1
1 0 79 1
1 0 138 1
1 0 142 1
1 0 164 1
1 0 166 1
1 0 167 1
1 0 168 1
1 0 169 1
1 0 170 1
1 0 171 1
1 0 172 1
1 0 177 1
1 0 180 1
1 0 181 1
1 0 182 1
1 0 184 1
1 0 185 1
1 0 186 1
1 0 211 1
1 0 212 1
1 0 360 1
1 0 499 1
1 0 500 1
1 0 501 1
1 0 502 1
1 0 503 1
1 0 506 1
1 0 507 1
1 0 509 1
1 0 510 1
1 0 511 1
1 0 512 1
1 0 513 1
1 0 637 1
1 0 645 1
1 0 727 1
1 0 838 1
1 0 965 1
1 0 986 1
2 0 3 1
2 0 52 1
2 0 83 1
2 0 96 1
2 0 109 1
2 0 124 1
2 0 157 1
2 0 162 1
2 0 187 1
2 0 191 1
2 0 192 1
2 0 235 1
2 0 236 1
2 0 237 1
2 0 243 1
2 0 256 1
2 0 258 1
2 0 289 1
2 0 291 1
2 0 292 1
2 0 294 1
2 0 296 1
2 0 297 1
2 0 299 1
2 0 301 1
2 0 302 1
2 0 313 1
2 0 315 1
2 0 413 1
2 0 417 1
2 0 418 1
2 0 546 1
2 0 563 1
2 0 566 1
2 0 669 1
2 0 692 1
2 0 708 1
2 0 712 1
2 0 713 1
2 0 724 1
2 0 742 1
2 0 760 1
2 0 824 1
2 0 848 1
2 0 960 1
2 0 974 1
2 0 975 1
2 0 979 1
3 0 11 1
3 0 59 1
3 0 62 1
3 0 70 1
3 0 71 1
3 0 141 1
3 0 160 1
3 0 163 1
3 0 186 1
3 0 230 1
3 0 234 1
3 0 266 1
3 0 276 1
3 0 277 1
3 0 281 1
3 0 285 1
3 0 286 1
3 0 341 1
3 0 344 1
3 0 407 1
3 0 523 1
3 0 774 1
3 0 906 1
4 0 38 1
4 0 59 1
4 0 67 1
4 0 93 1
4 0 94 1
4 0 96 1
4 0 141 1
4 0 156 1
4 0 163 1
4 0 175 1
4 0 177 1
4 0 179 1
4 0 190 1
4 0 207 1
4 0 209 1
4 0 230 1
4 0 234 1
4 0 281 1
4 0 285 1
4 0 299 1
4 0 341 1
4 0 396 1
4 0 398 1
4 0 400 1
4 0 405 1
4 0 407 1
4 0 456 1
4 0 464 1
4 0 523 1
4 0 532 1
4 0 534 1
4 0 540 1
4 0 556 1
4 0 641 1
4 0 643 1
4 0 648 1
4 0 654 1
4 0 656 1
4 0 684 1
4 0 702 1
4 0 774 1
4 0 784 1
4 0 787 1
4 0 910 1
4 0 913 1
4 0 976 1
4 0 982 1
5 0 1 1
5 0 4 1
5 0 5 1
5 0 6 1
5 0 7 1
5 0 8 1
5 0 9 1
5 0 10 1
5 0 11 1
5 0 50 1
5 0 138 1
5 0 139 1
5 0 158 1
5 0 159 1
5 0 160 1
5 0 167 1
5 0 171 1
5 0 174 1
5 0 188 1
5 0 288 1
5 0 300 1
5 0 304 1
5 0 305 1
5 0 306 1
5 0 307 1
5 0 308 1
5 0 324 1
5 0 325 1
5 0 326 1
5 0 327 1
5 0 329 1
5 0 330 1
5 0 331 1
5 0 332 1
5 0 333 1
5 0 470 1
5 0 483 1
5 0 568 1
5 0 580 1
5 0 581 1
5 0 594 1
5 0 599 1
5 0 695 1
5 0 721 1
5 0 758 1
5 0 846 1
5 0 851 1
5 0 857 1
5 0 870 1
5 0 882 1
6 0 31 1
6 0 86 1
6 0 92 1
6 0 112 1
6 0 113 1
6 0 114 1
6 0 115 1
6 0 116 1
6 0 117 1
6 0 118 1
6 0 122 1
6 0 157 1
6 0 238 1
6 0 239 1
6 0 242 1
6 0 243 1
6 0 246 1
6 0 253 1
6 0 260 1
6 0 267 1
6 0 309 1
6 0 310 1
6 0 311 1
6 0 312 1
6 0 313 1
6 0 315 1
6 0 316 1
6 0 319 1
6 0 320 1
6 0 321 1
6 0 322 1
6 0 323 1
6 0 383 1
6 0 389 1
6 0 390 1
6 0 410 1
6 0 840 1
6 0 961 1
6 0 975 1
6 0 1028 1
7 0 76 1
7 0 82 1
7 0 87 1
7 0 92 1
7 0 97 1
7 0 119 1
7 0 121 1
7 0 122 1
7 0 139 1
7 0 155 1
7 0 174 1
7 0 189 1
7 0 239 1
7 0 247 1
7 0 261 1
7 0 316 1
7 0 318 1
7 0 320 1
7 0 383 1
7 0 387 1
7 0 389 1
7 0 391 1
7 0 392 1
7 0 400 1
7 0 415 1
7 0 464 1
7 0 523 1
7 0 538 1
7 0 554 1
7 0 559 1
7 0 592 1
7 0 665 1
7 0 667 1
7 0 705 1
7 0 745 1
7 0 793 1
7 0 824 1
7 0 933 1
7 0 1026 1
8 0 20 1
8 0 45 1
8 0 52 1
8 0 53 1
8 0 60 1
8 0 61 1
8 0 81 1
8 0 123 1
8 0 130 1
8 0 156 1
8 0 171 1
8 0 177 1
8 0 227 1
8 0 250 1
8 0 251 1
8 0 262 1
8 0 263 1
8 0 264 1
8 0 265 1
8 0 266 1
8 0 375 1
8 0 378 1
8 0 424 1
8 0 426 1
8 0 427 1
8 0 428 1
8 0 429 1
8 0 430 1
8 0 431 1
8 0 432 1
8 0 433 1
8 0 434 1
8 0 435 1
8 0 436 1
8 0 437 1
8 0 491 1
8 0 523 1
8 0 562 1
8 0 563 1
8 0 582 1
8 0 606 1
8 0 648 1
8 0 654 1
8 0 659 1
8 0 700 1
8 0 844 1
8 0 846 1
8 0 857 1
8 0 859 1
8 0 860 1
8 0 866 1
8 0 940 1
8 0 941 1
8 0 1026 1
8 0 1028 1
9 0 30 1
9 0 53 1
9 0 56 1
9 0 76 1
9 0 89 1
9 0 111 1
9 0 114 1
9 0 124 1
9 0 125 1
9 0 126 1
9 0 139 1
9 0 194 1
9 0 195 1
9 0 267 1
9 0 268 1
9 0 269 1
9 0 273 1
9 0 387 1
9 0 409 1
9 0 412 1
9 0 413 1
9 0 415 1
9 0 421 1
9 0 422 1
9 0 423 1
9 0 467 1
9 0 476 1
9 0 607 1
9 0 636 1
9 0 657 1
9 0 723 1
9 0 840 1
9 0 894 1
9 0 997 1
9 0 1000 1
9 0 1029 1
10 0 52 1
10 0 77 1
10 0 254 1
10 0 367 1
10 0 465 1
10 0 532 1
10 0 534 1
10 0 539 1
10 0 543 1
10 0 556 1
10 0 702 1
10 0 978 1
10 0 981 1
11 0 10 1
11 0 20 1
11 0 32 1
11 0 52 1
11 0 63 1
11 0 66 1
11 0 148 1
11 0 149 1
11 0 151 1
11 0 191 1
11 0 225 1
11 0 226 1
11 0 227 1
11 0 228 1
11 0 229 1
11 0 417 1
11 0 441 1
11 0 442 1
11 0 443 1
11 0 444 1
11 0 445 1
11 0 446 1
11 0 447 1
11 0 448 1
11 0 449 1
11 0 451 1
11 0 452 1
11 0 453 1
11 0 460 1
11 0 463 1
11 0 532 1
11 0 549 1
11 0 556 1
11 0 637 1
11 0 785 1
11 0 795 1
11 0 796 1
11 0 861 1
11 0 869 1
11 0 877 1
11 0 948 1
11 0 975 1
11 0 986 1
11 0 990 1
11 0 1006 1
11 0 1022 1
11 0 1024 1
11 0 1031 1
12 0 17 1
12 0 19 1
12 0 20 1
12 0 23 1
12 0 26 1
12 0 193 1
12 0 216 1
12 0 217 1
12 0 220 1
12 0 245 1
12 0 269 1
12 0 273 1
12 0 353 1
12 0 359 1
12 0 364 1
12 0 365 1
12 0 366 1
12 0 367 1
12 0 368 1
12 0 371 1
12 0 373 1
12 0 442 1
12 0 462 1
12 0 556 1
12 0 583 1
12 0 676 1
12 0 677 1
12 0 726 1
12 0 782 1
12 0 835 1
12 0 844 1
12 0 852 1
12 0 931 1
12 0 934 1
12 0 936 1
12 0 939 1
12 0 940 1
12 0 956 1
13 0 21 1
13 0 22 1
13 0 109 1
13 0 144 1
13 0 145 1
13 0 146 1
13 0 147 1
13 0 179 1
13 0 194 1
13 0 195 1
13 0 196 1
13 0 197 1
13 0 198 1
13 0 199 1
13 0 224 1
13 0 470 1
13 0 474 1
13 0 477 1
13 0 478 1
13 0 479 1
13 0 481 1
13 0 482 1
13 0 483 1
13 0 804 1
13 0 967 1
14 0 17 1
14 0 19 1
14 0 20 1
14 0 23 1
14 0 25 1
14 0 26 1
14 0 27 1
14 0 28 1
14 0 29 1
14 0 53 1
14 0 66 1
14 0 106 1
14 0 109 1
14 0 193 1
14 0 269 1
14 0 273 1
14 0 371 1
14 0 378 1
14 0 442 1
14 0 445 1
14 0 446 1
14 0 448 1
14 0 454 1
14 0 455 1
14 0 456 1
14 0 457 1
14 0 458 1
14 0 459 1
14 0 460 1
14 0 461 1
14 0 463 1
14 0 465 1
14 0 467 1
14 0 556 1
14 0 591 1
14 0 665 1
14 0 666 1
14 0 668 1
14 0 675 1
14 0 676 1
14 0 677 1
14 0 678 1
14 0 686 1
14 0 709 1
14 0 742 1
14 0 754 1
14 0 766 1
14 0 785 1
14 0 808 1
14 0 819 1
14 0 844 1
14 0 850 1
14 0 852 1
14 0 861 1
14 0 877 1
14 0 924 1
14 0 931 1
14 0 934 1
14 0 936 1
14 0 939 1
14 0 940 1
14 0 942 1
14 0 956 1
14 0 969 1
14 0 1006 1
14 0 1014 1
14 0 1022 1
15 0 34 1
15 0 102 1
15 0 103 1
15 0 106 1
15 0 107 1
15 0 109 1
15 0 110 1
15 0 217 1
15 0 218 1
15 0 219 1
15 0 220 1
15 0 350 1
15 0 351 1
15 0 353 1
15 0 355 1
15 0 356 1
15 0 357 1
15 0 360 1
15 0 361 1
15 0 369 1
15 0 383 1
15 0 742 1
15 0 754 1
15 0 766 1
15 0 819 1
15 0 885 1
15 0 892 1
15 0 893 1
15 0 924 1
15 0 928 1
15 0 936 1
15 0 969 1
16 0 27 1
16 0 36 1
16 0 97 1
16 0 98 1
16 0 99 1
16 0 134 1
16 0 189 1
16 0 200 1
16 0 201 1
16 0 202 1
16 0 203 1
16 0 205 1
16 0 252 1
16 0 253 1
16 0 262 1
16 0 304 1
16 0 327 1
16 0 332 1
16 0 349 1
16 0 484 1
16 0 486 1
16 0 488 1
16 0 489 1
16 0 490 1
16 0 491 1
16 0 492 1
16 0 493 1
16 0 494 1
16 0 496 1
16 0 497 1
16 0 498 1
16 0 509 1
16 0 608 1
16 0 609 1
16 0 612 1
16 0 613 1
16 0 616 1
16 0 626 1
16 0 631 1
16 0 702 1
16 0 742 1
16 0 766 1
16 0 800 1
16 0 805 1
16 0 807 1
16 0 809 1
16 0 810 1
16 0 811 1
16 0 812 1
16 0 815 1
16 0 818 1
16 0 819 1
16 0 820 1
16 0 821 1
16 0 888 1
16 0 890 1
16 0 891 1
16 0 892 1
16 0 894 1
16 0 896 1
16 0 924 1
16 0 925 1
16 0 926 1
16 0 927 1
16 0 928 1
16 0 1031 1
17 0 1 1
17 0 10 1
17 0 20 1
17 0 34 1
17 0 37 1
17 0 38 1
17 0 40 1
17 0 41 1
17 0 45 1
17 0 48 1
17 0 50 1
17 0 52 1
17 0 58 1
17 0 74 1
17 0 96 1
17 0 125 1
17 0 127 1
17 0 128 1
17 0 129 1
17 0 133 1
17 0 134 1
17 0 135 1
17 0 136 1
17 0 147 1
17 0 161 1
17 0 177 1
17 0 185 1
17 0 188 1
17 0 191 1
17 0 216 1
17 0 217 1
17 0 250 1
17 0 256 1
17 0 262 1
17 0 297 1
17 0 304 1
17 0 308 1
17 0 334 1
17 0 336 1
17 0 339 1
17 0 340 1
17 0 341 1
17 0 342 1
17 0 345 1
17 0 356 1
17 0 417 1
17 0 445 1
17 0 467 1
17 0 472 1
17 0 475 1
17 0 525 1
17 0 526 1
17 0 528 1
17 0 540 1
17 0 546 1
17 0 559 1
17 0 568 1
17 0 572 1
17 0 573 1
17 0 591 1
17 0 603 1
17 0 630 1
17 0 700 1
17 0 701 1
17 0 702 1
17 0 735 1
17 0 751 1
17 0 762 1
17 0 764 1
17 0 782 1
17 0 798 1
17 0 835 1
17 0 859 1
17 0 874 1
17 0 875 1
17 0 882 1
17 0 900 1
17 0 940 1
17 0 974 1
17 0 975 1
17 0 979 1
17 0 986 1
18 0 43 1
18 0 45 1
18 0 46 1
18 0 48 1
18 0 49 1
18 0 50 1
18 0 51 1
18 0 59 1
18 0 81 1
18 0 134 1
18 0 171 1
18 0 250 1
18 0 251 1
18 0 297 1
18 0 379 1
18 0 459 1
18 0 467 1
18 0 514 1
18 0 515 1
18 0 516 1
18 0 517 1
18 0 521 1
18 0 523 1
18 0 524 1
18 0 525 1
18 0 526 1
18 0 527 1
18 0 528 1
18 0 583 1
18 0 644 1
18 0 677 1
19 0 29 1
19 0 32 1
19 0 87 1
19 0 135 1
19 0 151 1
19 0 177 1
19 0 182 1
19 0 225 1
19 0 228 1
19 0 229 1
19 0 345 1
19 0 378 1
19 0 441 1
19 0 442 1
19 0 444 1
19 0 446 1
19 0 447 1
19 0 448 1
19 0 450 1
19 0 467 1
19 0 518 1
19 0 545 1
19 0 547 1
19 0 550 1
19 0 551 1
19 0 552 1
19 0 554 1
19 0 555 1
19 0 556 1
19 0 559 1
19 0 562 1
19 0 563 1
19 0 564 1
19 0 568 1
19 0 573 1
19 0 577 1
19 0 578 1
19 0 580 1
19 0 581 1
19 0 582 1
19 0 584 1
19 0 585 1
19 0 590 1
19 0 591 1
19 0 593 1
19 0 594 1
19 0 595 1
19 0 597 1
19 0 598 1
19 0 603 1
19 0 663 1
19 0 665 1
19 0 666 1
19 0 668 1
19 0 671 1
19 0 673 1
19 0 675 1
19 0 678 1
19 0 684 1
19 0 686 1
19 0 694 1
19 0 695 1
19 0 698 1
19 0 699 1
19 0 725 1
19 0 745 1
19 0 844 1
19 0 845 1
19 0 846 1
19 0 847 1
19 0 848 1
19 0 850 1
19 0 851 1
19 0 854 1
19 0 856 1
19 0 858 1
19 0 859 1
19 0 860 1
19 0 861 1
19 0 863 1
19 0 864 1
19 0 865 1
19 0 866 1
19 0 869 1
19 0 870 1
19 0 873 1
19 0 874 1
19 0 875 1
19 0 878 1
19 0 880 1
19 0 882 1
19 0 929 1
19 0 934 1
19 0 940 1
19 0 942 1
19 0 943 1
19 0 947 1
19 0 1006 1
19 0 1018 1
20 0 20 1
20 0 52 1
20 0 53 1
20 0 60 1
20 0 61 1
20 0 66 1
20 0 103 1
20 0 130 1
20 0 177 1
20 0 254 1
20 0 262 1
20 0 265 1
20 0 266 1
20 0 268 1
20 0 424 1
20 0 426 1
20 0 429 1
20 0 431 1
20 0 433 1
20 0 434 1
20 0 435 1
20 0 436 1
20 0 437 1
20 0 513 1
20 0 532 1
20 0 556 1
20 0 558 1
20 0 568 1
20 0 572 1
20 0 573 1
20 0 575 1
20 0 577 1
20 0 581 1
20 0 582 1
20 0 584 1
20 0 585 1
20 0 586 1
20 0 588 1
20 0 589 1
20 0 591 1
20 0 592 1
20 0 596 1
20 0 597 1
20 0 599 1
20 0 602 1
20 0 603 1
20 0 648 1
20 0 654 1
20 0 674 1
20 0 696 1
20 0 700 1
20 0 705 1
20 0 711 1
20 0 748 1
20 0 844 1
20 0 857 1
20 0 860 1
20 0 866 1
20 0 869 1
20 0 871 1
20 0 872 1
20 0 873 1
20 0 874 1
20 0 875 1
20 0 876 1
20 0 878 1
20 0 883 1
20 0 932 1
20 0 939 1
20 0 948 1
20 0 957 1
20 0 968 1
20 0 1026 1
20 0 1028 1
21 0 27 1
21 0 202 1
21 0 252 1
21 0 253 1
21 0 602 1
21 0 604 1
21 0 609 1
21 0 613 1
21 0 616 1
21 0 618 1
21 0 619 1
21 0 626 1
21 0 766 1
21 0 810 1
21 0 812 1
21 0 815 1
21 0 821 1
21 0 887 1
21 0 888 1
21 0 889 1
21 0 890 1
21 0 892 1
21 0 894 1
21 0 896 1
21 0 917 1
21 0 928 1
22 0 5 1
22 0 7 1
22 0 8 1
22 0 9 1
22 0 10 1
22 0 46 1
22 0 48 1
22 0 59 1
22 0 93 1
22 0 99 1
22 0 103 1
22 0 108 1
22 0 139 1
22 0 159 1
22 0 198 1
22 0 199 1
22 0 201 1
22 0 207 1
22 0 251 1
22 0 285 1
22 0 304 1
22 0 305 1
22 0 307 1
22 0 327 1
22 0 332 1
22 0 371 1
22 0 375 1
22 0 398 1
22 0 474 1
22 0 483 1
22 0 526 1
22 0 584 1
22 0 586 1
22 0 599 1
22 0 632 1
22 0 634 1
22 0 635 1
22 0 636 1
22 0 640 1
22 0 642 1
22 0 644 1
22 0 645 1
22 0 646 1
22 0 647 1
22 0 648 1
22 0 649 1
22 0 650 1
22 0 652 1
22 0 654 1
22 0 659 1
22 0 681 1
22 0 721 1
22 0 731 1
22 0 740 1
22 0 750 1
22 0 758 1
22 0 761 1
22 0 763 1
22 0 765 1
22 0 766 1
22 0 899 1
22 0 904 1
22 0 905 1
22 0 909 1
22 0 910 1
22 0 913 1
22 0 940 1
22 0 959 1
22 0 961 1
22 0 962 1
22 0 967 1
22 0 970 1
22 0 973 1
22 0 974 1
22 0 988 1
22 0 1011 1
22 0 1027 1
23 0 620 1
23 0 724 1
23 0 798 1
23 0 804 1
23 0 807 1
23 0 808 1
23 0 812 1
23 0 813 1
23 0 817 1
23 0 818 1
23 0 819 1
23 0 822 1
23 0 849 1
23 0 916 1
23 0 917 1
23 0 966 1
24 0 19 1
24 0 23 1
24 0 26 1
24 0 55 1
24 0 193 1
24 0 228 1
24 0 232 1
24 0 269 1
24 0 273 1
24 0 277 1
24 0 371 1
24 0 378 1
24 0 429 1
24 0 431 1
24 0 444 1
24 0 556 1
24 0 591 1
24 0 662 1
24 0 663 1
24 0 665 1
24 0 666 1
24 0 667 1
24 0 668 1
24 0 670 1
24 0 671 1
24 0 673 1
24 0 674 1
24 0 675 1
24 0 676 1
24 0 677 1
24 0 678 1
24 0 680 1
24 0 684 1
24 0 685 1
24 0 686 1
24 0 802 1
24 0 850 1
24 0 851 1
24 0 852 1
24 0 886 1
24 0 931 1
24 0 932 1
24 0 933 1
24 0 934 1
24 0 935 1
24 0 936 1
24 0 938 1
24 0 939 1
24 0 940 1
24 0 941 1
24 0 942 1
24 0 943 1
24 0 956 1
25 0 14 1
25 0 47 1
25 0 332 1
25 0 484 1
25 0 498 1
25 0 525 1
25 0 550 1
25 0 571 1
25 0 587 1
25 0 598 1
25 0 679 1
25 0 680 1
25 0 686 1
25 0 687 1
25 0 688 1
25 0 689 1
25 0 690 1
25 0 691 1
25 0 692 1
25 0 694 1
25 0 695 1
25 0 696 1
25 0 697 1
25 0 698 1
25 0 699 1
25 0 807 1
25 0 808 1
25 0 810 1
25 0 815 1
25 0 818 1
25 0 820 1
25 0 821 1
25 0 892 1
25 0 897 1
25 0 914 1
25 0 915 1
25 0 919 1
25 0 924 1
25 0 925 1
25 0 926 1
25 0 927 1
25 0 930 1
25 0 944 1
25 0 945 1
25 0 946 1
25 0 947 1
25 0 948 1
25 0 949 1
25 0 950 1
25 0 951 1
25 0 952 1
25 0 953 1
25 0 954 1
25 0 955 1
25 0 957 1
25 0 958 1
26 0 11 1
26 0 30 1
26 0 36 1
26 0 37 1
26 0 45 1
26 0 89 1
26 0 127 1
26 0 138 1
26 0 155 1
26 0 161 1
26 0 173 1
26 0 177 1
26 0 215 1
26 0 255 1
26 0 382 1
26 0 406 1
26 0 433 1
26 0 497 1
26 0 520 1
26 0 546 1
26 0 606 1
26 0 630 1
26 0 637 1
26 0 645 1
26 0 656 1
26 0 703 1
26 0 704 1
26 0 710 1
26 0 716 1
26 0 717 1
26 0 721 1
26 0 722 1
26 0 723 1
26 0 724 1
26 0 739 1
26 0 763 1
26 0 859 1
26 0 909 1
26 0 910 1
26 0 940 1
26 0 941 1
26 0 959 1
26 0 960 1
26 0 961 1
26 0 965 1
26 0 966 1
26 0 967 1
26 0 968 1
26 0 970 1
26 0 971 1
26 0 973 1
26 0 974 1
26 0 979 1
26 0 981 1
26 0 986 1
27 0 99 1
27 0 109 1
27 0 244 1
27 0 659 1
27 0 681 1
27 0 727 1
27 0 731 1
27 0 732 1
27 0 734 1
27 0 737 1
27 0 738 1
27 0 739 1
27 0 794 1
27 0 889 1
27 0 911 1
27 0 974 1
27 0 976 1
27 0 977 1
27 0 978 1
27 0 980 1
27 0 984 1
28 0 6 1
28 0 30 1
28 0 52 1
28 0 63 1
28 0 66 1
28 0 81 1
28 0 87 1
28 0 111 1
28 0 130 1
28 0 141 1
28 0 148 1
28 0 228 1
28 0 229 1
28 0 251 1
28 0 364 1
28 0 378 1
28 0 434 1
28 0 440 1
28 0 441 1
28 0 443 1
28 0 444 1
28 0 446 1
28 0 448 1
28 0 452 1
28 0 464 1
28 0 542 1
28 0 607 1
28 0 621 1
28 0 678 1
28 0 770 1
28 0 771 1
28 0 772 1
28 0 773 1
28 0 774 1
28 0 776 1
28 0 777 1
28 0 778 1
28 0 779 1
28 0 783 1
28 0 784 1
28 0 786 1
28 0 789 1
28 0 790 1
28 0 792 1
28 0 793 1
28 0 796 1
28 0 823 1
28 0 840 1
28 0 864 1
28 0 916 1
28 0 989 1
28 0 990 1
28 0 994 1
28 0 995 1
28 0 996 1
28 0 997 1
28 0 998 1
28 0 999 1
28 0 1003 1
28 0 1023 1
28 0 1029 1
29 0 9 1
29 0 12 1
29 0 16 1
29 0 68 1
29 0 88 1
29 0 91 1
29 0 94 1
29 0 103 1
29 0 119 1
29 0 144 1
29 0 145 1
29 0 159 1
29 0 178 1
29 0 210 1
29 0 238 1
29 0 240 1
29 0 251 1
29 0 268 1
29 0 360 1
29 0 370 1
29 0 376 1
29 0 405 1
29 0 470 1
29 0 474 1
29 0 478 1
29 0 659 1
29 0 684 1
29 0 704 1
29 0 709 1
29 0 717 1
29 0 740 1
29 0 741 1
29 0 742 1
29 0 743 1
29 0 744 1
29 0 745 1
29 0 746 1
29 0 747 1
29 0 749 1
29 0 750 1
29 0 752 1
29 0 754 1
29 0 757 1
29 0 761 1
29 0 764 1
29 0 765 1
29 0 766 1
29 0 767 1
29 0 768 1
29 0 853 1
29 0 866 1
29 0 948 1
29 0 954 1
29 0 1002 1
29 0 1005 1
29 0 1006 1
29 0 1007 1
29 0 1008 1
29 0 1009 1
29 0 1010 1
29 0 1011 1
29 0 1012 1
29 0 1013 1
29 0 1014 1
29 0 1015 1
29 0 1016 1
29 0 1017 1
29 0 1018 1
30 0 9 1
30 0 20 1
30 0 49 1
30 0 53 1
30 0 171 1
30 0 175 1
30 0 191 1
30 0 193 1
30 0 227 1
30 0 759 1
30 0 827 1
30 0 830 1
30 0 839 1
30 0 846 1
30 0 867 1
30 0 1019 1
30 0 1020 1
30 0 1023 1
30 0 1024 1
30 0 1026 1
30 0 1027 1
